step total box obj cls lr
3 10.734895 1.338535 2.765603 1.276618 0.001000000
79 7.540291 1.069718 2.118186 0.073513 0.001000000
140 7.108384 0.996111 2.065235 0.062593 0.001000000
213 6.625683 0.888802 2.109129 0.072543 0.001000000
281 7.020616 0.968936 2.107963 0.067973 0.001000000
341 6.798223 0.940181 2.028369 0.068948 0.001000000
413 7.494695 1.109861 1.891669 0.053721 0.001000000
494 6.831099 0.972031 1.910217 0.060727 0.001000000
556 6.989814 1.003295 1.914279 0.059060 0.001000000
646 6.458879 0.915943 1.822260 0.056904 0.001000000
710 6.401628 0.866241 2.004977 0.065445 0.001000000
783 6.836033 0.968401 1.938458 0.055571 0.001000000
850 6.413370 0.913265 1.786453 0.060592 0.001000000
906 7.382441 1.088483 1.893669 0.046357 0.001000000
983 7.147039 1.059530 1.805082 0.044305 0.000997288
1057 6.958817 1.004240 1.878182 0.059435 0.000997288
1107 5.866110 0.797217 1.825391 0.054635 0.000997288
1196 6.502617 0.927708 1.806898 0.057179 0.000997288
1268 6.076224 0.795901 2.026348 0.070369 0.000997288
1337 5.664237 0.742297 1.894547 0.058204 0.000997288
1402 6.977855 1.031599 1.771365 0.048495 0.000997288
1477 6.176571 0.843800 1.907531 0.050042 0.000997288
1572 5.921256 0.807570 1.818890 0.064514 0.000997288
1628 6.839649 0.983629 1.872446 0.049060 0.000997288
1690 6.246330 0.873341 1.823262 0.056364 0.000997288
1748 5.661552 0.727820 1.962622 0.059829 0.000997288
1794 6.863277 0.991733 1.849990 0.054624 0.000997288
1880 6.006661 0.824611 1.828447 0.055159 0.000989183
1955 6.460128 0.914498 1.833191 0.054447 0.000989183
2021 6.201184 0.833563 1.980386 0.052984 0.000989183
2078 5.128678 0.642689 1.855217 0.060019 0.000989183
2154 5.709850 0.766373 1.812345 0.065641 0.000989183
2238 6.432345 0.925760 1.752323 0.051221 0.000989183
2315 6.373285 0.926254 1.697453 0.044564 0.000989183
2392 6.402625 0.931571 1.697456 0.047316 0.000989183
2458 5.977962 0.802824 1.895773 0.068072 0.000989183
2522 5.632940 0.752256 1.811106 0.060556 0.000989183
2593 6.500917 0.936547 1.766647 0.051535 0.000989183
2684 5.634627 0.761505 1.769281 0.057821 0.000989183
2771 5.854882 0.778022 1.911667 0.053103 0.000989183
2855 6.300081 0.875374 1.868458 0.054753 0.000975773
2924 5.807279 0.759666 1.953873 0.055077 0.000975773
2994 5.545211 0.730528 1.838652 0.053921 0.000975773
3062 5.451105 0.730036 1.740753 0.060170 0.000975773
3159 5.801789 0.779575 1.850353 0.053561 0.000975773
3215 5.359903 0.719261 1.711208 0.052388 0.000975773
3290 5.404125 0.704699 1.826370 0.054259 0.000975773
3370 5.789479 0.802379 1.728380 0.049204 0.000975773
3436 6.446239 0.938207 1.709233 0.045971 0.000975773
3491 5.429546 0.716216 1.784208 0.064257 0.000975773
3546 5.230004 0.671740 1.808528 0.062777 0.000975773
3618 5.829936 0.801326 1.768834 0.054472 0.000975773
3684 6.327899 0.919914 1.684866 0.043463 0.000975773
3728 5.573777 0.751054 1.770635 0.047872 0.000957205
3797 5.731651 0.784056 1.757850 0.053522 0.000957205
3865 6.088252 0.850981 1.781711 0.051635 0.000957205
3928 6.060981 0.870419 1.666665 0.042219 0.000957205
3975 5.198300 0.687146 1.711637 0.050931 0.000957205
4038 5.546903 0.770636 1.651954 0.041770 0.000957205
4094 5.717977 0.787901 1.725394 0.053079 0.000957205
4173 5.359977 0.695498 1.826077 0.056407 0.000957205
4227 5.536206 0.750982 1.716273 0.065024 0.000957205
4293 5.134809 0.679918 1.683021 0.052199 0.000957205
4373 4.982229 0.658344 1.644837 0.045674 0.000957205
4446 5.575293 0.763153 1.703267 0.056261 0.000957205
4530 5.782384 0.806030 1.706445 0.045788 0.000957205
4602 5.962701 0.801145 1.903675 0.053300 0.000957205
4675 5.414461 0.719315 1.765368 0.052516 0.000933683
4731 4.905643 0.629814 1.700102 0.056473 0.000933683
4799 5.060889 0.672055 1.650039 0.050577 0.000933683
4855 4.560576 0.574579 1.634452 0.053230 0.000933683
4941 5.605758 0.783389 1.639777 0.049038 0.000933683
5003 5.393583 0.751252 1.595604 0.041718 0.000933683
5071 6.550872 0.987557 1.564584 0.048503 0.000933683
5143 5.595881 0.772348 1.685210 0.048932 0.000933683
5229 5.944351 0.833112 1.727857 0.050933 0.000933683
5298 5.606991 0.783094 1.648622 0.042898 0.000933683
5377 5.661177 0.750338 1.863491 0.045994 0.000933683
5434 5.486090 0.746337 1.711929 0.042475 0.000933683
5509 4.705279 0.603564 1.630855 0.056605 0.000933683
5572 4.945860 0.652003 1.634661 0.051185 0.000905463
5645 4.881032 0.626646 1.693376 0.054425 0.000905463
5702 5.261125 0.688653 1.752810 0.065052 0.000905463
5796 5.343470 0.731594 1.641954 0.043544 0.000905463
5850 5.357226 0.712960 1.734436 0.057992 0.000905463
5919 4.506102 0.548859 1.700514 0.061294 0.000905463
5984 5.046539 0.697662 1.520934 0.037293 0.000905463
6059 4.224778 0.500953 1.639656 0.080359 0.000905463
6123 4.916841 0.649714 1.619429 0.048841 0.000905463
6190 5.973128 0.851784 1.671698 0.042510 0.000905463
6267 5.372101 0.729011 1.681065 0.045982 0.000905463
6331 5.790551 0.795826 1.763801 0.047621 0.000905463
6409 5.362906 0.730495 1.661720 0.048712 0.000905463
6469 4.668205 0.620124 1.519107 0.048481 0.000905463
6543 4.891356 0.638611 1.648941 0.049358 0.000872857
6607 4.788900 0.594035 1.763686 0.055038 0.000872857
6689 5.518735 0.776068 1.598885 0.039511 0.000872857
6747 5.718836 0.799064 1.683680 0.039838 0.000872857
6822 5.274910 0.680975 1.823751 0.046283 0.000872857
6881 5.382275 0.714817 1.749241 0.058950 0.000872857
6962 4.919788 0.634456 1.695920 0.051588 0.000872857
7027 5.746130 0.828552 1.561368 0.042004 0.000872857
7087 4.951505 0.639532 1.699413 0.054430 0.000872857
7161 6.046299 0.883738 1.587842 0.039769 0.000872857
7222 4.787238 0.657145 1.458956 0.042559 0.000872857
7299 5.580040 0.742561 1.819808 0.047429 0.000872857
7372 5.324470 0.719908 1.672572 0.052359 0.000872857
7439 4.612246 0.610924 1.508940 0.048687 0.000836220
7512 5.206068 0.710255 1.610510 0.044284 0.000836220
7581 5.164879 0.687954 1.678959 0.046151 0.000836220
7655 5.152768 0.682978 1.691378 0.046501 0.000836220
7722 5.309190 0.723985 1.645449 0.043818 0.000836220
7786 4.951477 0.656673 1.628830 0.039281 0.000836220
7861 4.914749 0.610385 1.812270 0.050553 0.000836220
7927 5.890340 0.849260 1.602815 0.041227 0.000836220
8004 4.692368 0.608079 1.603835 0.048137 0.000836220
8078 4.356718 0.551864 1.550007 0.047389 0.000836220
8137 5.500545 0.781241 1.556052 0.038289 0.000836220
8217 5.309436 0.724037 1.640737 0.048516 0.000836220
8273 5.673026 0.790402 1.677300 0.043717 0.000836220
8339 4.841321 0.629443 1.637462 0.056645 0.000795954
8411 4.396981 0.551042 1.592553 0.049216 0.000795954
8468 5.312303 0.704808 1.732072 0.056192 0.000795954
8542 5.182769 0.690433 1.687291 0.043315 0.000795954
8620 4.266644 0.493128 1.735527 0.065479 0.000795954
8692 6.089568 0.905325 1.520900 0.042043 0.000795954
8764 4.881365 0.673991 1.470093 0.041314 0.000795954
8842 4.499171 0.558620 1.656791 0.049278 0.000795954
8898 5.236143 0.703093 1.671138 0.049539 0.000795954
8968 5.790283 0.824628 1.621642 0.045503 0.000795954
9031 5.174548 0.740255 1.440015 0.033260 0.000795954
9125 5.928290 0.860688 1.574339 0.050511 0.000795954
9188 4.893609 0.641184 1.646249 0.041441 0.000795954
9265 5.788021 0.823618 1.622301 0.047632 0.000752500
9328 5.169747 0.700415 1.619885 0.047786 0.000752500
9398 4.370545 0.528436 1.678337 0.050026 0.000752500
9463 5.639590 0.825983 1.470469 0.039205 0.000752500
9524 5.474084 0.740839 1.726789 0.043098 0.000752500
9584 4.553875 0.579115 1.614449 0.043852 0.000752500
9652 4.503598 0.589529 1.505624 0.050331 0.000752500
9715 4.533926 0.590273 1.545546 0.037017 0.000752500
9783 4.261310 0.541477 1.510460 0.043465 0.000752500
9831 5.446446 0.746210 1.669747 0.045649 0.000752500
9903 4.866973 0.654336 1.546927 0.048367 0.000752500
9969 4.398334 0.569906 1.510403 0.038402 0.000752500
10045 5.223607 0.725440 1.557183 0.039223 0.000752500
10106 4.002978 0.498210 1.466816 0.045114 0.000752500
10162 5.488348 0.760409 1.642409 0.043893 0.000752500
10227 4.112566 0.544015 1.353226 0.039266 0.000706335
10284 4.625086 0.596710 1.600565 0.040972 0.000706335
10350 5.137069 0.700354 1.580440 0.054858 0.000706335
10423 4.176798 0.510606 1.564317 0.059449 0.000706335
10498 5.426803 0.764826 1.563412 0.039258 0.000706335
10568 5.328444 0.748143 1.550607 0.037122 0.000706335
10639 4.386725 0.543764 1.623055 0.044852 0.000706335
10699 4.885904 0.657575 1.563765 0.034265 0.000706335
10766 5.808882 0.813218 1.702717 0.040074 0.000706335
10834 5.182692 0.712042 1.582727 0.039755 0.000706335
10916 4.759414 0.639142 1.522639 0.041063 0.000706335
10974 4.536550 0.571488 1.627955 0.051153 0.000706335
11045 4.473039 0.602661 1.414759 0.044974 0.000706335
11109 4.900465 0.665614 1.525380 0.047014 0.000657963
11167 4.449540 0.567922 1.553444 0.056486 0.000657963
11223 4.303421 0.521955 1.644974 0.048671 0.000657963
11285 4.303650 0.551614 1.492316 0.053266 0.000657963
11347 5.316850 0.757263 1.496614 0.033918 0.000657963
11415 4.784426 0.641773 1.532067 0.043494 0.000657963
11497 4.885287 0.685034 1.427902 0.032217 0.000657963
11570 5.309139 0.748590 1.529664 0.036524 0.000657963
11668 5.032583 0.657706 1.698930 0.045121 0.000657963
11750 5.281313 0.718815 1.647910 0.039325 0.000657963
11823 5.245953 0.715748 1.624246 0.042968 0.000657963
11894 5.036744 0.658953 1.698219 0.043761 0.000657963
11951 4.351577 0.561616 1.495268 0.048229 0.000657963
12012 4.858532 0.676730 1.434336 0.040546 0.000657963
12080 4.273478 0.563500 1.397594 0.058386 0.000607916
12151 5.196112 0.711137 1.597549 0.042877 0.000607916
12244 4.537235 0.604251 1.478255 0.037727 0.000607916
12307 5.627290 0.809636 1.545798 0.033313 0.000607916
12361 4.872879 0.651314 1.575447 0.040862 0.000607916
12414 5.031639 0.685057 1.558389 0.047963 0.000607916
12468 4.332054 0.542656 1.570757 0.048015 0.000607916
12538 4.390577 0.562125 1.541105 0.038849 0.000607916
12593 4.541377 0.609641 1.462018 0.031153 0.000607916
12687 4.626175 0.601790 1.571194 0.046029 0.000607916
12735 5.504970 0.806698 1.431654 0.039823 0.000607916
12816 4.790336 0.653259 1.484379 0.039664 0.000607916
12911 4.495847 0.613368 1.393046 0.035962 0.000607916
12987 5.625159 0.816092 1.506421 0.038278 0.000556742
13082 5.200911 0.731224 1.509178 0.035610 0.000556742
13152 5.553770 0.793164 1.550759 0.037191 0.000556742
13227 4.542751 0.591981 1.523330 0.059516 0.000556742
13298 5.294825 0.730268 1.601776 0.041711 0.000556742
13368 5.364782 0.774153 1.459827 0.034190 0.000556742
13450 5.372450 0.737066 1.640094 0.047029 0.000556742
13520 4.194630 0.546921 1.412472 0.047550 0.000556742
13606 5.136031 0.678169 1.700394 0.044791 0.000556742
13688 4.356977 0.594149 1.344587 0.041643 0.000556742
13754 4.271154 0.555532 1.449494 0.044001 0.000556742
13819 5.300572 0.757355 1.475560 0.038236 0.000556742
13893 5.021651 0.697021 1.496257 0.040290 0.000505000
13960 5.016437 0.674649 1.593197 0.049993 0.000505000
14040 4.152487 0.541781 1.403212 0.040368 0.000505000
14103 3.544135 0.408254 1.443192 0.059672 0.000505000
14177 4.542642 0.595836 1.521970 0.041489 0.000505000
14250 4.065308 0.494249 1.550336 0.043726 0.000505000
14336 4.675220 0.624154 1.513490 0.040960 0.000505000
14397 4.859737 0.666904 1.491418 0.033798 0.000505000
14465 5.318110 0.766796 1.446874 0.037255 0.000505000
14521 3.612297 0.440593 1.360019 0.049311 0.000505000
14576 5.657129 0.794809 1.643264 0.039822 0.000505000
14634 4.917620 0.673767 1.501920 0.046864 0.000505000
14687 4.737323 0.635634 1.514104 0.045051 0.000505000
14758 4.928263 0.703675 1.366391 0.043496 0.000505000
14828 4.271694 0.527097 1.595311 0.040898 0.000453258
14900 4.914448 0.672810 1.504685 0.045715 0.000453258
14953 5.216347 0.721449 1.568943 0.040160 0.000453258
15037 4.927019 0.659308 1.585691 0.044789 0.000453258
15109 4.696404 0.638806 1.467726 0.034646 0.000453258
15180 4.492547 0.595274 1.461341 0.054835 0.000453258
15253 4.674913 0.610534 1.580821 0.041423 0.000453258
15305 4.863745 0.668520 1.487985 0.033161 0.000453258
15378 5.535307 0.822632 1.391203 0.030946 0.000453258
15448 4.783267 0.657033 1.458820 0.039282 0.000453258
15525 4.703669 0.633435 1.492994 0.043498 0.000453258
15584 4.964361 0.656856 1.625174 0.054908 0.000453258
15687 4.111676 0.495938 1.576857 0.055131 0.000453258
15759 5.148606 0.738023 1.421142 0.037348 0.000402084
15843 3.803140 0.479054 1.364969 0.042900 0.000402084
15915 4.651660 0.636722 1.433009 0.035043 0.000402084
15988 4.152863 0.527816 1.478316 0.035467 0.000402084
16049 4.452126 0.590415 1.455685 0.044366 0.000402084
16121 4.226785 0.552772 1.421328 0.041595 0.000402084
16176 3.956136 0.501617 1.405638 0.042415 0.000402084
16246 4.117750 0.520088 1.477611 0.039698 0.000402084
16328 4.147425 0.540831 1.404043 0.039226 0.000402084
16401 4.909265 0.660600 1.566581 0.039683 0.000402084
16463 5.294287 0.726616 1.621246 0.039959 0.000402084
16533 3.733996 0.448227 1.445590 0.047271 0.000402084
16602 4.076900 0.530319 1.389692 0.035615 0.000402084
16669 3.203387 0.391619 1.207861 0.037432 0.000352037
16749 4.454357 0.601153 1.401513 0.047077 0.000352037
16807 3.994486 0.494697 1.481359 0.039643 0.000352037
16892 3.380435 0.403356 1.312294 0.051358 0.000352037
16949 4.070954 0.524613 1.405531 0.042357 0.000352037
17013 4.255266 0.563136 1.389021 0.050567 0.000352037
17086 5.165055 0.723088 1.508160 0.041457 0.000352037
17155 4.260330 0.530479 1.562277 0.045659 0.000352037
17231 4.519361 0.587789 1.547897 0.032518 0.000352037
17303 3.778832 0.470558 1.378094 0.047951 0.000352037
17394 4.539299 0.605930 1.466613 0.043039 0.000352037
17492 3.915774 0.482517 1.460410 0.042779 0.000352037
17555 4.328606 0.577745 1.401336 0.038544 0.000352037
17620 4.412942 0.582529 1.462497 0.037803 0.000303665
17680 5.046062 0.692389 1.544213 0.039901 0.000303665
17728 4.172661 0.560773 1.318045 0.050753 0.000303665
17793 4.985134 0.692096 1.488680 0.035975 0.000303665
17866 4.511948 0.592686 1.508453 0.040063 0.000303665
17925 4.258794 0.544587 1.495834 0.040022 0.000303665
17994 4.940228 0.696325 1.421078 0.037526 0.000303665
18062 3.525837 0.439723 1.281801 0.045423 0.000303665
18134 4.514028 0.623375 1.365400 0.031753 0.000303665
18201 3.439423 0.417977 1.305941 0.043598 0.000303665
18265 3.267226 0.391762 1.275317 0.033098 0.000303665
18336 4.180756 0.538355 1.445375 0.043607 0.000303665
18405 4.661595 0.600789 1.613855 0.043794 0.000303665
18478 4.339743 0.537373 1.607925 0.044952 0.000303665
18543 4.352824 0.581605 1.410798 0.033999 0.000257500
18596 4.263066 0.568053 1.382741 0.040061 0.000257500
18667 4.276642 0.577151 1.354806 0.036079 0.000257500
18721 4.128087 0.536005 1.413602 0.034458 0.000257500
18792 4.257282 0.552724 1.447479 0.046181 0.000257500
18868 5.166519 0.718929 1.538016 0.033859 0.000257500
18933 4.741938 0.649677 1.447406 0.046148 0.000257500
18999 3.870588 0.511136 1.277101 0.037809 0.000257500
19057 4.253179 0.594463 1.247458 0.033408 0.000257500
19122 4.326228 0.544637 1.559517 0.043526 0.000257500
19203 4.575118 0.607937 1.494891 0.040540 0.000257500
19272 4.269097 0.566880 1.378802 0.055894 0.000257500
19358 4.524140 0.605336 1.459966 0.037494 0.000257500
19422 4.581566 0.622891 1.429018 0.038093 0.000257500
19491 5.033424 0.718332 1.403133 0.038631 0.000214046
19547 4.683128 0.675611 1.271566 0.033506 0.000214046
19612 4.667094 0.662927 1.318166 0.034291 0.000214046
19696 3.958148 0.508583 1.370996 0.044239 0.000214046
19760 4.345342 0.576701 1.427770 0.034065 0.000214046
19819 4.615345 0.620386 1.468973 0.044441 0.000214046
19884 4.038942 0.521547 1.386880 0.044325 0.000214046
19958 3.801576 0.491057 1.307141 0.039151 0.000214046
20038 4.313526 0.571660 1.415380 0.039846 0.000214046
20107 3.870550 0.481540 1.414573 0.048278 0.000214046
20168 4.316978 0.586451 1.348356 0.036368 0.000214046
20246 3.635128 0.448087 1.359779 0.034912 0.000214046
20315 3.505270 0.433817 1.291156 0.045031 0.000214046
20387 3.284115 0.410367 1.193139 0.039144 0.000173780
20446 4.242223 0.571351 1.351728 0.033738 0.000173780
20508 3.478364 0.420040 1.336265 0.041900 0.000173780
20582 2.769988 0.305558 1.195809 0.046390 0.000173780
20660 4.623456 0.626879 1.453223 0.035840 0.000173780
20727 4.509695 0.620294 1.376936 0.031289 0.000173780
20797 3.426942 0.417022 1.284490 0.057341 0.000173780
20861 5.103664 0.725988 1.442422 0.031304 0.000173780
20939 3.635197 0.448748 1.358779 0.032678 0.000173780
21020 3.905072 0.513086 1.302881 0.036763 0.000173780
21081 3.415445 0.394126 1.398537 0.046277 0.000173780
21154 4.134550 0.556998 1.316419 0.033139 0.000173780
21212 3.717757 0.500560 1.186768 0.028192 0.000173780
21271 3.338899 0.434467 1.133499 0.033067 0.000173780
21330 4.867270 0.681458 1.421697 0.038282 0.000137143
21398 4.529700 0.650087 1.253209 0.026054 0.000137143
21468 4.008149 0.524976 1.351265 0.032003 0.000137143
21545 4.198095 0.550049 1.407886 0.039963 0.000137143
21609 3.394987 0.436952 1.167938 0.042287 0.000137143
21677 3.433619 0.430147 1.248449 0.034433 0.000137143
21744 4.116002 0.552197 1.323341 0.031678 0.000137143
21810 4.309914 0.577309 1.373832 0.049536 0.000137143
21874 3.525820 0.456880 1.205374 0.036048 0.000137143
21933 3.835172 0.500746 1.301762 0.029681 0.000137143
21998 4.812425 0.672134 1.414701 0.037052 0.000137143
22070 3.705321 0.460810 1.361800 0.039472 0.000137143
22150 4.661308 0.644974 1.399611 0.036825 0.000137143
22204 3.236137 0.387404 1.254127 0.044989 0.000104537
22278 3.688652 0.493438 1.185988 0.035474 0.000104537
22320 4.687526 0.644642 1.424717 0.039600 0.000104537
22383 3.847364 0.493487 1.340465 0.039464 0.000104537
22449 3.758187 0.497555 1.236426 0.033985 0.000104537
22508 3.735497 0.487936 1.258555 0.037261 0.000104537
22570 3.206056 0.395184 1.190931 0.039206 0.000104537
22643 3.450839 0.429400 1.256539 0.047299 0.000104537
22693 3.298675 0.388067 1.311959 0.046380 0.000104537
22769 4.196505 0.560113 1.358790 0.037151 0.000104537
22844 4.462209 0.622754 1.313910 0.034530 0.000104537
22922 3.884178 0.509716 1.299834 0.035766 0.000104537
22988 3.600383 0.456465 1.261880 0.056176 0.000104537
23087 3.896501 0.489692 1.413566 0.034476 0.000104537
23154 3.702562 0.474281 1.291008 0.040150 0.000076317
23226 4.595279 0.626781 1.419844 0.041528 0.000076317
23288 3.730409 0.500435 1.197644 0.030592 0.000076317
23345 3.573846 0.440752 1.339206 0.030879 0.000076317
23398 3.644198 0.458416 1.306144 0.045975 0.000076317
23456 3.707440 0.463010 1.359192 0.033199 0.000076317
23551 3.635989 0.446248 1.367595 0.037152 0.000076317
23615 2.475784 0.288291 0.988984 0.045346 0.000076317
23690 4.517940 0.592272 1.514368 0.042213 0.000076317
23760 3.748500 0.475294 1.328921 0.043107 0.000076317
23817 4.230755 0.562696 1.381587 0.035690 0.000076317
23924 4.097755 0.539733 1.364476 0.034617 0.000076317
24004 3.753069 0.469596 1.363872 0.041217 0.000076317
24076 3.256813 0.403927 1.191928 0.045248 0.000052795
24165 4.233627 0.579496 1.300207 0.035941 0.000052795
24259 3.747521 0.500706 1.213872 0.030121 0.000052795
24334 2.969246 0.353627 1.159360 0.041752 0.000052795
24409 3.869591 0.503157 1.314205 0.039604 0.000052795
24494 3.649888 0.475993 1.219319 0.050606 0.000052795
24583 3.989071 0.501243 1.437824 0.045033 0.000052795
24631 4.028910 0.526220 1.360574 0.037238 0.000052795
24711 4.118346 0.552907 1.317064 0.036749 0.000052795
24795 3.490400 0.446707 1.218791 0.038072 0.000052795
24873 3.036946 0.366927 1.170052 0.032257 0.000052795
24938 3.444016 0.437658 1.214725 0.041000 0.000052795
25005 4.673356 0.661002 1.338678 0.029669 0.000034227
25071 3.994020 0.526676 1.322745 0.037896 0.000034227
25148 3.712986 0.489774 1.231766 0.032352 0.000034227
25238 3.451611 0.430375 1.261241 0.038496 0.000034227
25305 3.953723 0.499320 1.419650 0.037473 0.000034227
25349 3.694423 0.483423 1.242593 0.034718 0.000034227
25401 4.571091 0.625997 1.400006 0.041098 0.000034227
25500 3.503125 0.461505 1.155231 0.040370 0.000034227
25563 3.691752 0.499429 1.166108 0.028498 0.000034227
25633 4.840461 0.671704 1.447850 0.034092 0.000034227
25701 4.007847 0.519761 1.371300 0.037744 0.000034227
25764 2.654157 0.301676 1.102899 0.042879 0.000034227
25824 3.419851 0.441441 1.174814 0.037833 0.000034227
25883 3.880692 0.530991 1.180362 0.045377 0.000034227
25930 3.045077 0.352505 1.236583 0.045970 0.000020817
25999 3.874468 0.490906 1.379827 0.040109 0.000020817
26071 3.792291 0.485708 1.324385 0.039364 0.000020817
26136 3.346669 0.418561 1.214001 0.039861 0.000020817
26194 3.308310 0.398062 1.272330 0.045668 0.000020817
26267 3.518106 0.447607 1.236410 0.043660 0.000020817
26335 3.731566 0.478906 1.295356 0.041679 0.000020817
26391 3.862575 0.495104 1.341010 0.046046 0.000020817
26469 3.510270 0.431093 1.317034 0.037770 0.000020817
26579 3.917884 0.512124 1.313299 0.043963 0.000020817
26658 4.211446 0.545806 1.436503 0.045912 0.000020817
26717 2.995441 0.373738 1.082489 0.044263 0.000020817
26774 3.757162 0.469313 1.372564 0.038032 0.000020817
26866 3.861073 0.495165 1.345048 0.040202 0.000012712
26947 4.173741 0.592570 1.180506 0.030388 0.000012712
27002 3.886052 0.520032 1.254346 0.031544 0.000012712
27064 5.647462 0.852625 1.350803 0.033531 0.000012712
27136 3.160902 0.394545 1.149575 0.038602 0.000012712
27210 3.354176 0.414679 1.245282 0.035499 0.000012712
27269 3.317444 0.409350 1.223660 0.047035 0.000012712
27352 3.409069 0.430013 1.218604 0.040399 0.000012712
27410 4.256279 0.567761 1.379072 0.038401 0.000012712
27492 4.532171 0.645293 1.272954 0.032751 0.000012712
27575 3.997712 0.537661 1.270506 0.038901 0.000012712
27635 3.291748 0.409543 1.206159 0.037876 0.000012712
27695 3.702919 0.483295 1.256587 0.029859 0.000012712
27750 3.160479 0.418202 1.032676 0.036791 0.000012712
